=============================================================================================================================================================================================================================================

  Волна номер: 1

=============================================================================================================================================================================================================================================



  9999   9999   9999   9999   9999   9999   9999   9999   9999   9999   9999 

  9999     -1      1      0      1     -1     -1     -1     -1     -1   9999 

  9999     -1   9999      1   9999   9999   9999     -1   9999     -1   9999 

  9999     -1     -1     -1     -1     -1     -1     -1   9999     -1   9999 

  9999     -1   9999   9999     -1     -1     -1     -1   9999     -1   9999 

  9999     -1     -1     -1     -1     -1     -1     -1     -1     -1   9999 

  9999   9999   9999   9999   9999   9999   9999     -1   9999     -1   9999 

  9999     -1     -1     -1     -1     -1   9999     -1   9999     -1   9999 

  9999     -1   9999   9999   9999     -1   9999     -1     -1     -1   9999 

  9999     -1     -1     -1   9999     -1     -1     -1     -1   2025   9999 

  9999   9999   9999   9999   9999   9999   9999   9999   9999   9999   9999 




=============================================================================================================================================================================================================================================

  Волна номер: 2

=============================================================================================================================================================================================================================================



  9999   9999   9999   9999   9999   9999   9999   9999   9999   9999   9999 

  9999      2      1      0      1      2     -1     -1     -1     -1   9999 

  9999     -1   9999      1   9999   9999   9999     -1   9999     -1   9999 

  9999     -1     -1      2     -1     -1     -1     -1   9999     -1   9999 

  9999     -1   9999   9999     -1     -1     -1     -1   9999     -1   9999 

  9999     -1     -1     -1     -1     -1     -1     -1     -1     -1   9999 

  9999   9999   9999   9999   9999   9999   9999     -1   9999     -1   9999 

  9999     -1     -1     -1     -1     -1   9999     -1   9999     -1   9999 

  9999     -1   9999   9999   9999     -1   9999     -1     -1     -1   9999 

  9999     -1     -1     -1   9999     -1     -1     -1     -1   2025   9999 

  9999   9999   9999   9999   9999   9999   9999   9999   9999   9999   9999 




=============================================================================================================================================================================================================================================

  Волна номер: 3

=============================================================================================================================================================================================================================================



  9999   9999   9999   9999   9999   9999   9999   9999   9999   9999   9999 

  9999      2      1      0      1      2      3     -1     -1     -1   9999 

  9999      3   9999      1   9999   9999   9999     -1   9999     -1   9999 

  9999     -1      3      2      3     -1     -1     -1   9999     -1   9999 

  9999     -1   9999   9999     -1     -1     -1     -1   9999     -1   9999 

  9999     -1     -1     -1     -1     -1     -1     -1     -1     -1   9999 

  9999   9999   9999   9999   9999   9999   9999     -1   9999     -1   9999 

  9999     -1     -1     -1     -1     -1   9999     -1   9999     -1   9999 

  9999     -1   9999   9999   9999     -1   9999     -1     -1     -1   9999 

  9999     -1     -1     -1   9999     -1     -1     -1     -1   2025   9999 

  9999   9999   9999   9999   9999   9999   9999   9999   9999   9999   9999 




=============================================================================================================================================================================================================================================

  Волна номер: 4

=============================================================================================================================================================================================================================================



  9999   9999   9999   9999   9999   9999   9999   9999   9999   9999   9999 

  9999      2      1      0      1      2      3      4     -1     -1   9999 

  9999      3   9999      1   9999   9999   9999     -1   9999     -1   9999 

  9999      4      3      2      3      4     -1     -1   9999     -1   9999 

  9999     -1   9999   9999      4     -1     -1     -1   9999     -1   9999 

  9999     -1     -1     -1     -1     -1     -1     -1     -1     -1   9999 

  9999   9999   9999   9999   9999   9999   9999     -1   9999     -1   9999 

  9999     -1     -1     -1     -1     -1   9999     -1   9999     -1   9999 

  9999     -1   9999   9999   9999     -1   9999     -1     -1     -1   9999 

  9999     -1     -1     -1   9999     -1     -1     -1     -1   2025   9999 

  9999   9999   9999   9999   9999   9999   9999   9999   9999   9999   9999 




=============================================================================================================================================================================================================================================

  Волна номер: 5

=============================================================================================================================================================================================================================================



  9999   9999   9999   9999   9999   9999   9999   9999   9999   9999   9999 

  9999      2      1      0      1      2      3      4      5     -1   9999 

  9999      3   9999      1   9999   9999   9999      5   9999     -1   9999 

  9999      4      3      2      3      4      5     -1   9999     -1   9999 

  9999      5   9999   9999      4      5     -1     -1   9999     -1   9999 

  9999     -1     -1     -1      5     -1     -1     -1     -1     -1   9999 

  9999   9999   9999   9999   9999   9999   9999     -1   9999     -1   9999 

  9999     -1     -1     -1     -1     -1   9999     -1   9999     -1   9999 

  9999     -1   9999   9999   9999     -1   9999     -1     -1     -1   9999 

  9999     -1     -1     -1   9999     -1     -1     -1     -1   2025   9999 

  9999   9999   9999   9999   9999   9999   9999   9999   9999   9999   9999 




=============================================================================================================================================================================================================================================

  Волна номер: 6

=============================================================================================================================================================================================================================================



  9999   9999   9999   9999   9999   9999   9999   9999   9999   9999   9999 

  9999      2      1      0      1      2      3      4      5      6   9999 

  9999      3   9999      1   9999   9999   9999      5   9999     -1   9999 

  9999      4      3      2      3      4      5      6   9999     -1   9999 

  9999      5   9999   9999      4      5      6     -1   9999     -1   9999 

  9999      6     -1      6      5      6     -1     -1     -1     -1   9999 

  9999   9999   9999   9999   9999   9999   9999     -1   9999     -1   9999 

  9999     -1     -1     -1     -1     -1   9999     -1   9999     -1   9999 

  9999     -1   9999   9999   9999     -1   9999     -1     -1     -1   9999 

  9999     -1     -1     -1   9999     -1     -1     -1     -1   2025   9999 

  9999   9999   9999   9999   9999   9999   9999   9999   9999   9999   9999 




=============================================================================================================================================================================================================================================

  Волна номер: 7

=============================================================================================================================================================================================================================================



  9999   9999   9999   9999   9999   9999   9999   9999   9999   9999   9999 

  9999      2      1      0      1      2      3      4      5      6   9999 

  9999      3   9999      1   9999   9999   9999      5   9999      7   9999 

  9999      4      3      2      3      4      5      6   9999     -1   9999 

  9999      5   9999   9999      4      5      6      7   9999     -1   9999 

  9999      6      7      6      5      6      7     -1     -1     -1   9999 

  9999   9999   9999   9999   9999   9999   9999     -1   9999     -1   9999 

  9999     -1     -1     -1     -1     -1   9999     -1   9999     -1   9999 

  9999     -1   9999   9999   9999     -1   9999     -1     -1     -1   9999 

  9999     -1     -1     -1   9999     -1     -1     -1     -1   2025   9999 

  9999   9999   9999   9999   9999   9999   9999   9999   9999   9999   9999 




=============================================================================================================================================================================================================================================

  Волна номер: 8

=============================================================================================================================================================================================================================================



  9999   9999   9999   9999   9999   9999   9999   9999   9999   9999   9999 

  9999      2      1      0      1      2      3      4      5      6   9999 

  9999      3   9999      1   9999   9999   9999      5   9999      7   9999 

  9999      4      3      2      3      4      5      6   9999      8   9999 

  9999      5   9999   9999      4      5      6      7   9999     -1   9999 

  9999      6      7      6      5      6      7      8     -1     -1   9999 

  9999   9999   9999   9999   9999   9999   9999     -1   9999     -1   9999 

  9999     -1     -1     -1     -1     -1   9999     -1   9999     -1   9999 

  9999     -1   9999   9999   9999     -1   9999     -1     -1     -1   9999 

  9999     -1     -1     -1   9999     -1     -1     -1     -1   2025   9999 

  9999   9999   9999   9999   9999   9999   9999   9999   9999   9999   9999 




=============================================================================================================================================================================================================================================

  Волна номер: 9

=============================================================================================================================================================================================================================================



  9999   9999   9999   9999   9999   9999   9999   9999   9999   9999   9999 

  9999      2      1      0      1      2      3      4      5      6   9999 

  9999      3   9999      1   9999   9999   9999      5   9999      7   9999 

  9999      4      3      2      3      4      5      6   9999      8   9999 

  9999      5   9999   9999      4      5      6      7   9999      9   9999 

  9999      6      7      6      5      6      7      8      9     -1   9999 

  9999   9999   9999   9999   9999   9999   9999      9   9999     -1   9999 

  9999     -1     -1     -1     -1     -1   9999     -1   9999     -1   9999 

  9999     -1   9999   9999   9999     -1   9999     -1     -1     -1   9999 

  9999     -1     -1     -1   9999     -1     -1     -1     -1   2025   9999 

  9999   9999   9999   9999   9999   9999   9999   9999   9999   9999   9999 




=============================================================================================================================================================================================================================================

  Волна номер: 10

=============================================================================================================================================================================================================================================



  9999   9999   9999   9999   9999   9999   9999   9999   9999   9999   9999 

  9999      2      1      0      1      2      3      4      5      6   9999 

  9999      3   9999      1   9999   9999   9999      5   9999      7   9999 

  9999      4      3      2      3      4      5      6   9999      8   9999 

  9999      5   9999   9999      4      5      6      7   9999      9   9999 

  9999      6      7      6      5      6      7      8      9     10   9999 

  9999   9999   9999   9999   9999   9999   9999      9   9999     -1   9999 

  9999     -1     -1     -1     -1     -1   9999     10   9999     -1   9999 

  9999     -1   9999   9999   9999     -1   9999     -1     -1     -1   9999 

  9999     -1     -1     -1   9999     -1     -1     -1     -1   2025   9999 

  9999   9999   9999   9999   9999   9999   9999   9999   9999   9999   9999 




=============================================================================================================================================================================================================================================

  Волна номер: 11

=============================================================================================================================================================================================================================================



  9999   9999   9999   9999   9999   9999   9999   9999   9999   9999   9999 

  9999      2      1      0      1      2      3      4      5      6   9999 

  9999      3   9999      1   9999   9999   9999      5   9999      7   9999 

  9999      4      3      2      3      4      5      6   9999      8   9999 

  9999      5   9999   9999      4      5      6      7   9999      9   9999 

  9999      6      7      6      5      6      7      8      9     10   9999 

  9999   9999   9999   9999   9999   9999   9999      9   9999     11   9999 

  9999     -1     -1     -1     -1     -1   9999     10   9999     -1   9999 

  9999     -1   9999   9999   9999     -1   9999     11     -1     -1   9999 

  9999     -1     -1     -1   9999     -1     -1     -1     -1   2025   9999 

  9999   9999   9999   9999   9999   9999   9999   9999   9999   9999   9999 




=============================================================================================================================================================================================================================================

  Волна номер: 12

=============================================================================================================================================================================================================================================



  9999   9999   9999   9999   9999   9999   9999   9999   9999   9999   9999 

  9999      2      1      0      1      2      3      4      5      6   9999 

  9999      3   9999      1   9999   9999   9999      5   9999      7   9999 

  9999      4      3      2      3      4      5      6   9999      8   9999 

  9999      5   9999   9999      4      5      6      7   9999      9   9999 

  9999      6      7      6      5      6      7      8      9     10   9999 

  9999   9999   9999   9999   9999   9999   9999      9   9999     11   9999 

  9999     -1     -1     -1     -1     -1   9999     10   9999     12   9999 

  9999     -1   9999   9999   9999     -1   9999     11     12     -1   9999 

  9999     -1     -1     -1   9999     -1     -1     12     -1   2025   9999 

  9999   9999   9999   9999   9999   9999   9999   9999   9999   9999   9999 




=============================================================================================================================================================================================================================================

  Волна номер: 13

=============================================================================================================================================================================================================================================



  9999   9999   9999   9999   9999   9999   9999   9999   9999   9999   9999 

  9999      2      1      0      1      2      3      4      5      6   9999 

  9999      3   9999      1   9999   9999   9999      5   9999      7   9999 

  9999      4      3      2      3      4      5      6   9999      8   9999 

  9999      5   9999   9999      4      5      6      7   9999      9   9999 

  9999      6      7      6      5      6      7      8      9     10   9999 

  9999   9999   9999   9999   9999   9999   9999      9   9999     11   9999 

  9999     -1     -1     -1     -1     -1   9999     10   9999     12   9999 

  9999     -1   9999   9999   9999     -1   9999     11     12     13   9999 

  9999     -1     -1     -1   9999     -1     13     12     13   2025   9999 

  9999   9999   9999   9999   9999   9999   9999   9999   9999   9999   9999 




=============================================================================================================================================================================================================================================

  Волна номер: 14

=============================================================================================================================================================================================================================================



  9999   9999   9999   9999   9999   9999   9999   9999   9999   9999   9999 

  9999      2      1      0      1      2      3      4      5      6   9999 

  9999      3   9999      1   9999   9999   9999      5   9999      7   9999 

  9999      4      3      2      3      4      5      6   9999      8   9999 

  9999      5   9999   9999      4      5      6      7   9999      9   9999 

  9999      6      7      6      5      6      7      8      9     10   9999 

  9999   9999   9999   9999   9999   9999   9999      9   9999     11   9999 

  9999     -1     -1     -1     -1     -1   9999     10   9999     12   9999 

  9999     -1   9999   9999   9999     -1   9999     11     12     13   9999 

  9999     -1     -1     -1   9999     14     13     12     13   2025   9999 

  9999   9999   9999   9999   9999   9999   9999   9999   9999   9999   9999 




